# Created by Octave 9.1.0, Mon Mar 25 19:33:40 2024 GMT <unknown@DESKTOP-JG643JV>
# name: C
# type: matrix
# rows: 150
# columns: 1
 2
 2
 2
 2
 2
 2
 2
 2
 2
 2
 2
 2
 2
 2
 2
 2
 2
 2
 2
 2
 2
 2
 2
 2
 2
 2
 2
 2
 2
 2
 2
 2
 2
 2
 2
 2
 2
 2
 2
 2
 2
 2
 2
 2
 2
 2
 2
 2
 2
 2
 3
 1
 3
 1
 1
 1
 1
 1
 1
 1
 1
 1
 1
 1
 1
 1
 1
 1
 1
 1
 1
 1
 1
 1
 1
 1
 1
 3
 1
 1
 1
 1
 1
 1
 1
 1
 1
 1
 1
 1
 1
 1
 1
 1
 1
 1
 1
 1
 1
 1
 3
 1
 3
 3
 3
 3
 1
 3
 3
 3
 3
 3
 3
 1
 3
 3
 3
 3
 3
 1
 3
 1
 3
 1
 3
 3
 1
 1
 3
 3
 3
 3
 3
 1
 1
 3
 3
 3
 1
 3
 3
 3
 1
 3
 3
 3
 1
 3
 3
 1


# name: CReal
# type: matrix
# rows: 150
# columns: 1
 1
 1
 1
 1
 1
 1
 1
 1
 1
 1
 1
 1
 1
 1
 1
 1
 1
 1
 1
 1
 1
 1
 1
 1
 1
 1
 1
 1
 1
 1
 1
 1
 1
 1
 1
 1
 1
 1
 1
 1
 1
 1
 1
 1
 1
 1
 1
 1
 1
 1
 2
 2
 2
 2
 2
 2
 2
 2
 2
 2
 2
 2
 2
 2
 2
 2
 2
 2
 2
 2
 2
 2
 2
 2
 2
 2
 2
 2
 2
 2
 2
 2
 2
 2
 2
 2
 2
 2
 2
 2
 2
 2
 2
 2
 2
 2
 2
 2
 2
 2
 3
 3
 3
 3
 3
 3
 3
 3
 3
 3
 3
 3
 3
 3
 3
 3
 3
 3
 3
 3
 3
 3
 3
 3
 3
 3
 3
 3
 3
 3
 3
 3
 3
 3
 3
 3
 3
 3
 3
 3
 3
 3
 3
 3
 3
 3
 3
 3
 3
 3


# name: Casos
# type: matrix
# rows: 150
# columns: 5
 5.0999999999999996 3.5 1.3999999999999999 0.20000000000000001 1
 4.9000000000000004 3 1.3999999999999999 0.20000000000000001 1
 4.7000000000000002 3.2000000000000002 1.3 0.20000000000000001 1
 4.5999999999999996 3.1000000000000001 1.5 0.20000000000000001 1
 5 3.6000000000000001 1.3999999999999999 0.20000000000000001 1
 5.4000000000000004 3.8999999999999999 1.7 0.40000000000000002 1
 4.5999999999999996 3.3999999999999999 1.3999999999999999 0.29999999999999999 1
 5 3.3999999999999999 1.5 0.20000000000000001 1
 4.4000000000000004 2.8999999999999999 1.3999999999999999 0.20000000000000001 1
 4.9000000000000004 3.1000000000000001 1.5 0.10000000000000001 1
 5.4000000000000004 3.7000000000000002 1.5 0.20000000000000001 1
 4.7999999999999998 3.3999999999999999 1.6000000000000001 0.20000000000000001 1
 4.7999999999999998 3 1.3999999999999999 0.10000000000000001 1
 4.2999999999999998 3 1.1000000000000001 0.10000000000000001 1
 5.7999999999999998 4 1.2 0.20000000000000001 1
 5.7000000000000002 4.4000000000000004 1.5 0.40000000000000002 1
 5.4000000000000004 3.8999999999999999 1.3 0.40000000000000002 1
 5.0999999999999996 3.5 1.3999999999999999 0.29999999999999999 1
 5.7000000000000002 3.7999999999999998 1.7 0.29999999999999999 1
 5.0999999999999996 3.7999999999999998 1.5 0.29999999999999999 1
 5.4000000000000004 3.3999999999999999 1.7 0.20000000000000001 1
 5.0999999999999996 3.7000000000000002 1.5 0.40000000000000002 1
 4.5999999999999996 3.6000000000000001 1 0.20000000000000001 1
 5.0999999999999996 3.2999999999999998 1.7 0.5 1
 4.7999999999999998 3.3999999999999999 1.8999999999999999 0.20000000000000001 1
 5 3 1.6000000000000001 0.20000000000000001 1
 5 3.3999999999999999 1.6000000000000001 0.40000000000000002 1
 5.2000000000000002 3.5 1.5 0.20000000000000001 1
 5.2000000000000002 3.3999999999999999 1.3999999999999999 0.20000000000000001 1
 4.7000000000000002 3.2000000000000002 1.6000000000000001 0.20000000000000001 1
 4.7999999999999998 3.1000000000000001 1.6000000000000001 0.20000000000000001 1
 5.4000000000000004 3.3999999999999999 1.5 0.40000000000000002 1
 5.2000000000000002 4.0999999999999996 1.5 0.10000000000000001 1
 5.5 4.2000000000000002 1.3999999999999999 0.20000000000000001 1
 4.9000000000000004 3.1000000000000001 1.5 0.10000000000000001 1
 5 3.2000000000000002 1.2 0.20000000000000001 1
 5.5 3.5 1.3 0.20000000000000001 1
 4.9000000000000004 3.1000000000000001 1.5 0.10000000000000001 1
 4.4000000000000004 3 1.3 0.20000000000000001 1
 5.0999999999999996 3.3999999999999999 1.5 0.20000000000000001 1
 5 3.5 1.3 0.29999999999999999 1
 4.5 2.2999999999999998 1.3 0.29999999999999999 1
 4.4000000000000004 3.2000000000000002 1.3 0.20000000000000001 1
 5 3.5 1.6000000000000001 0.59999999999999998 1
 5.0999999999999996 3.7999999999999998 1.8999999999999999 0.40000000000000002 1
 4.7999999999999998 3 1.3999999999999999 0.29999999999999999 1
 5.0999999999999996 3.7999999999999998 1.6000000000000001 0.20000000000000001 1
 4.5999999999999996 3.2000000000000002 1.3999999999999999 0.20000000000000001 1
 5.2999999999999998 3.7000000000000002 1.5 0.20000000000000001 1
 5 3.2999999999999998 1.3999999999999999 0.20000000000000001 1
 7 3.2000000000000002 4.7000000000000002 1.3999999999999999 2
 6.4000000000000004 3.2000000000000002 4.5 1.5 2
 6.9000000000000004 3.1000000000000001 4.9000000000000004 1.5 2
 5.5 2.2999999999999998 4 1.3 2
 6.5 2.7999999999999998 4.5999999999999996 1.5 2
 5.7000000000000002 2.7999999999999998 4.5 1.3 2
 6.2999999999999998 3.2999999999999998 4.7000000000000002 1.6000000000000001 2
 4.9000000000000004 2.3999999999999999 3.2999999999999998 1 2
 6.5999999999999996 2.8999999999999999 4.5999999999999996 1.3 2
 5.2000000000000002 2.7000000000000002 3.8999999999999999 1.3999999999999999 2
 5 2 3.5 1 2
 5.9000000000000004 3 4.2000000000000002 1.5 2
 6 2.2000000000000002 4 1 2
 6.0999999999999996 2.8999999999999999 4.7000000000000002 1.3999999999999999 2
 5.5999999999999996 2.8999999999999999 3.6000000000000001 1.3 2
 6.7000000000000002 3.1000000000000001 4.4000000000000004 1.3999999999999999 2
 5.5999999999999996 3 4.5 1.5 2
 5.7999999999999998 2.7000000000000002 4.0999999999999996 1 2
 6.2000000000000002 2.2000000000000002 4.5 1.5 2
 5.5999999999999996 2.5 3.8999999999999999 1.1000000000000001 2
 5.9000000000000004 3.2000000000000002 4.7999999999999998 1.8 2
 6.0999999999999996 2.7999999999999998 4 1.3 2
 6.2999999999999998 2.5 4.9000000000000004 1.5 2
 6.0999999999999996 2.7999999999999998 4.7000000000000002 1.2 2
 6.4000000000000004 2.8999999999999999 4.2999999999999998 1.3 2
 6.5999999999999996 3 4.4000000000000004 1.3999999999999999 2
 6.7999999999999998 2.7999999999999998 4.7999999999999998 1.3999999999999999 2
 6.7000000000000002 3 5 1.7 2
 6 2.8999999999999999 4.5 1.5 2
 5.7000000000000002 2.6000000000000001 3.5 1 2
 5.5 2.3999999999999999 3.7999999999999998 1.1000000000000001 2
 5.5 2.3999999999999999 3.7000000000000002 1 2
 5.7999999999999998 2.7000000000000002 3.8999999999999999 1.2 2
 6 2.7000000000000002 5.0999999999999996 1.6000000000000001 2
 5.4000000000000004 3 4.5 1.5 2
 6 3.3999999999999999 4.5 1.6000000000000001 2
 6.7000000000000002 3.1000000000000001 4.7000000000000002 1.5 2
 6.2999999999999998 2.2999999999999998 4.4000000000000004 1.3 2
 5.5999999999999996 3 4.0999999999999996 1.3 2
 5.5 2.5 4 1.3 2
 5.5 2.6000000000000001 4.4000000000000004 1.2 2
 6.0999999999999996 3 4.5999999999999996 1.3999999999999999 2
 5.7999999999999998 2.6000000000000001 4 1.2 2
 5 2.2999999999999998 3.2999999999999998 1 2
 5.5999999999999996 2.7000000000000002 4.2000000000000002 1.3 2
 5.7000000000000002 3 4.2000000000000002 1.2 2
 5.7000000000000002 2.8999999999999999 4.2000000000000002 1.3 2
 6.2000000000000002 2.8999999999999999 4.2999999999999998 1.3 2
 5.0999999999999996 2.5 3 1.1000000000000001 2
 5.7000000000000002 2.7999999999999998 4.0999999999999996 1.3 2
 6.2999999999999998 3.2999999999999998 6 2.5 3
 5.7999999999999998 2.7000000000000002 5.0999999999999996 1.8999999999999999 3
 7.0999999999999996 3 5.9000000000000004 2.1000000000000001 3
 6.2999999999999998 2.8999999999999999 5.5999999999999996 1.8 3
 6.5 3 5.7999999999999998 2.2000000000000002 3
 7.5999999999999996 3 6.5999999999999996 2.1000000000000001 3
 4.9000000000000004 2.5 4.5 1.7 3
 7.2999999999999998 2.8999999999999999 6.2999999999999998 1.8 3
 6.7000000000000002 2.5 5.7999999999999998 1.8 3
 7.2000000000000002 3.6000000000000001 6.0999999999999996 2.5 3
 6.5 3.2000000000000002 5.0999999999999996 2 3
 6.4000000000000004 2.7000000000000002 5.2999999999999998 1.8999999999999999 3
 6.7999999999999998 3 5.5 2.1000000000000001 3
 5.7000000000000002 2.5 5 2 3
 5.7999999999999998 2.7999999999999998 5.0999999999999996 2.3999999999999999 3
 6.4000000000000004 3.2000000000000002 5.2999999999999998 2.2999999999999998 3
 6.5 3 5.5 1.8 3
 7.7000000000000002 3.7999999999999998 6.7000000000000002 2.2000000000000002 3
 7.7000000000000002 2.6000000000000001 6.9000000000000004 2.2999999999999998 3
 6 2.2000000000000002 5 1.5 3
 6.9000000000000004 3.2000000000000002 5.7000000000000002 2.2999999999999998 3
 5.5999999999999996 2.7999999999999998 4.9000000000000004 2 3
 7.7000000000000002 2.7999999999999998 6.7000000000000002 2 3
 6.2999999999999998 2.7000000000000002 4.9000000000000004 1.8 3
 6.7000000000000002 3.2999999999999998 5.7000000000000002 2.1000000000000001 3
 7.2000000000000002 3.2000000000000002 6 1.8 3
 6.2000000000000002 2.7999999999999998 4.7999999999999998 1.8 3
 6.0999999999999996 3 4.9000000000000004 1.8 3
 6.4000000000000004 2.7999999999999998 5.5999999999999996 2.1000000000000001 3
 7.2000000000000002 3 5.7999999999999998 1.6000000000000001 3
 7.4000000000000004 2.7999999999999998 6.0999999999999996 1.8999999999999999 3
 7.9000000000000004 3.7999999999999998 6.4000000000000004 2 3
 6.4000000000000004 2.7999999999999998 5.5999999999999996 2.2000000000000002 3
 6.2999999999999998 2.7999999999999998 5.0999999999999996 1.5 3
 6.0999999999999996 2.6000000000000001 5.5999999999999996 1.3999999999999999 3
 7.7000000000000002 3 6.0999999999999996 2.2999999999999998 3
 6.2999999999999998 3.3999999999999999 5.5999999999999996 2.3999999999999999 3
 6.4000000000000004 3.1000000000000001 5.5 1.8 3
 6 3 4.7999999999999998 1.8 3
 6.9000000000000004 3.1000000000000001 5.4000000000000004 2.1000000000000001 3
 6.7000000000000002 3.1000000000000001 5.5999999999999996 2.3999999999999999 3
 6.9000000000000004 3.1000000000000001 5.0999999999999996 2.2999999999999998 3
 5.7999999999999998 2.7000000000000002 5.0999999999999996 1.8999999999999999 3
 6.7999999999999998 3.2000000000000002 5.9000000000000004 2.2999999999999998 3
 6.7000000000000002 3.2999999999999998 5.7000000000000002 2.5 3
 6.7000000000000002 3 5.2000000000000002 2.2999999999999998 3
 6.2999999999999998 2.5 5 1.8999999999999999 3
 6.5 3 5.2000000000000002 2 3
 6.2000000000000002 3.3999999999999999 5.4000000000000004 2.2999999999999998 3
 5.9000000000000004 3 5.0999999999999996 1.8 3


# name: Datos
# type: matrix
# rows: 150
# columns: 4
 5.0999999999999996 3.5 1.3999999999999999 0.20000000000000001
 4.9000000000000004 3 1.3999999999999999 0.20000000000000001
 4.7000000000000002 3.2000000000000002 1.3 0.20000000000000001
 4.5999999999999996 3.1000000000000001 1.5 0.20000000000000001
 5 3.6000000000000001 1.3999999999999999 0.20000000000000001
 5.4000000000000004 3.8999999999999999 1.7 0.40000000000000002
 4.5999999999999996 3.3999999999999999 1.3999999999999999 0.29999999999999999
 5 3.3999999999999999 1.5 0.20000000000000001
 4.4000000000000004 2.8999999999999999 1.3999999999999999 0.20000000000000001
 4.9000000000000004 3.1000000000000001 1.5 0.10000000000000001
 5.4000000000000004 3.7000000000000002 1.5 0.20000000000000001
 4.7999999999999998 3.3999999999999999 1.6000000000000001 0.20000000000000001
 4.7999999999999998 3 1.3999999999999999 0.10000000000000001
 4.2999999999999998 3 1.1000000000000001 0.10000000000000001
 5.7999999999999998 4 1.2 0.20000000000000001
 5.7000000000000002 4.4000000000000004 1.5 0.40000000000000002
 5.4000000000000004 3.8999999999999999 1.3 0.40000000000000002
 5.0999999999999996 3.5 1.3999999999999999 0.29999999999999999
 5.7000000000000002 3.7999999999999998 1.7 0.29999999999999999
 5.0999999999999996 3.7999999999999998 1.5 0.29999999999999999
 5.4000000000000004 3.3999999999999999 1.7 0.20000000000000001
 5.0999999999999996 3.7000000000000002 1.5 0.40000000000000002
 4.5999999999999996 3.6000000000000001 1 0.20000000000000001
 5.0999999999999996 3.2999999999999998 1.7 0.5
 4.7999999999999998 3.3999999999999999 1.8999999999999999 0.20000000000000001
 5 3 1.6000000000000001 0.20000000000000001
 5 3.3999999999999999 1.6000000000000001 0.40000000000000002
 5.2000000000000002 3.5 1.5 0.20000000000000001
 5.2000000000000002 3.3999999999999999 1.3999999999999999 0.20000000000000001
 4.7000000000000002 3.2000000000000002 1.6000000000000001 0.20000000000000001
 4.7999999999999998 3.1000000000000001 1.6000000000000001 0.20000000000000001
 5.4000000000000004 3.3999999999999999 1.5 0.40000000000000002
 5.2000000000000002 4.0999999999999996 1.5 0.10000000000000001
 5.5 4.2000000000000002 1.3999999999999999 0.20000000000000001
 4.9000000000000004 3.1000000000000001 1.5 0.10000000000000001
 5 3.2000000000000002 1.2 0.20000000000000001
 5.5 3.5 1.3 0.20000000000000001
 4.9000000000000004 3.1000000000000001 1.5 0.10000000000000001
 4.4000000000000004 3 1.3 0.20000000000000001
 5.0999999999999996 3.3999999999999999 1.5 0.20000000000000001
 5 3.5 1.3 0.29999999999999999
 4.5 2.2999999999999998 1.3 0.29999999999999999
 4.4000000000000004 3.2000000000000002 1.3 0.20000000000000001
 5 3.5 1.6000000000000001 0.59999999999999998
 5.0999999999999996 3.7999999999999998 1.8999999999999999 0.40000000000000002
 4.7999999999999998 3 1.3999999999999999 0.29999999999999999
 5.0999999999999996 3.7999999999999998 1.6000000000000001 0.20000000000000001
 4.5999999999999996 3.2000000000000002 1.3999999999999999 0.20000000000000001
 5.2999999999999998 3.7000000000000002 1.5 0.20000000000000001
 5 3.2999999999999998 1.3999999999999999 0.20000000000000001
 7 3.2000000000000002 4.7000000000000002 1.3999999999999999
 6.4000000000000004 3.2000000000000002 4.5 1.5
 6.9000000000000004 3.1000000000000001 4.9000000000000004 1.5
 5.5 2.2999999999999998 4 1.3
 6.5 2.7999999999999998 4.5999999999999996 1.5
 5.7000000000000002 2.7999999999999998 4.5 1.3
 6.2999999999999998 3.2999999999999998 4.7000000000000002 1.6000000000000001
 4.9000000000000004 2.3999999999999999 3.2999999999999998 1
 6.5999999999999996 2.8999999999999999 4.5999999999999996 1.3
 5.2000000000000002 2.7000000000000002 3.8999999999999999 1.3999999999999999
 5 2 3.5 1
 5.9000000000000004 3 4.2000000000000002 1.5
 6 2.2000000000000002 4 1
 6.0999999999999996 2.8999999999999999 4.7000000000000002 1.3999999999999999
 5.5999999999999996 2.8999999999999999 3.6000000000000001 1.3
 6.7000000000000002 3.1000000000000001 4.4000000000000004 1.3999999999999999
 5.5999999999999996 3 4.5 1.5
 5.7999999999999998 2.7000000000000002 4.0999999999999996 1
 6.2000000000000002 2.2000000000000002 4.5 1.5
 5.5999999999999996 2.5 3.8999999999999999 1.1000000000000001
 5.9000000000000004 3.2000000000000002 4.7999999999999998 1.8
 6.0999999999999996 2.7999999999999998 4 1.3
 6.2999999999999998 2.5 4.9000000000000004 1.5
 6.0999999999999996 2.7999999999999998 4.7000000000000002 1.2
 6.4000000000000004 2.8999999999999999 4.2999999999999998 1.3
 6.5999999999999996 3 4.4000000000000004 1.3999999999999999
 6.7999999999999998 2.7999999999999998 4.7999999999999998 1.3999999999999999
 6.7000000000000002 3 5 1.7
 6 2.8999999999999999 4.5 1.5
 5.7000000000000002 2.6000000000000001 3.5 1
 5.5 2.3999999999999999 3.7999999999999998 1.1000000000000001
 5.5 2.3999999999999999 3.7000000000000002 1
 5.7999999999999998 2.7000000000000002 3.8999999999999999 1.2
 6 2.7000000000000002 5.0999999999999996 1.6000000000000001
 5.4000000000000004 3 4.5 1.5
 6 3.3999999999999999 4.5 1.6000000000000001
 6.7000000000000002 3.1000000000000001 4.7000000000000002 1.5
 6.2999999999999998 2.2999999999999998 4.4000000000000004 1.3
 5.5999999999999996 3 4.0999999999999996 1.3
 5.5 2.5 4 1.3
 5.5 2.6000000000000001 4.4000000000000004 1.2
 6.0999999999999996 3 4.5999999999999996 1.3999999999999999
 5.7999999999999998 2.6000000000000001 4 1.2
 5 2.2999999999999998 3.2999999999999998 1
 5.5999999999999996 2.7000000000000002 4.2000000000000002 1.3
 5.7000000000000002 3 4.2000000000000002 1.2
 5.7000000000000002 2.8999999999999999 4.2000000000000002 1.3
 6.2000000000000002 2.8999999999999999 4.2999999999999998 1.3
 5.0999999999999996 2.5 3 1.1000000000000001
 5.7000000000000002 2.7999999999999998 4.0999999999999996 1.3
 6.2999999999999998 3.2999999999999998 6 2.5
 5.7999999999999998 2.7000000000000002 5.0999999999999996 1.8999999999999999
 7.0999999999999996 3 5.9000000000000004 2.1000000000000001
 6.2999999999999998 2.8999999999999999 5.5999999999999996 1.8
 6.5 3 5.7999999999999998 2.2000000000000002
 7.5999999999999996 3 6.5999999999999996 2.1000000000000001
 4.9000000000000004 2.5 4.5 1.7
 7.2999999999999998 2.8999999999999999 6.2999999999999998 1.8
 6.7000000000000002 2.5 5.7999999999999998 1.8
 7.2000000000000002 3.6000000000000001 6.0999999999999996 2.5
 6.5 3.2000000000000002 5.0999999999999996 2
 6.4000000000000004 2.7000000000000002 5.2999999999999998 1.8999999999999999
 6.7999999999999998 3 5.5 2.1000000000000001
 5.7000000000000002 2.5 5 2
 5.7999999999999998 2.7999999999999998 5.0999999999999996 2.3999999999999999
 6.4000000000000004 3.2000000000000002 5.2999999999999998 2.2999999999999998
 6.5 3 5.5 1.8
 7.7000000000000002 3.7999999999999998 6.7000000000000002 2.2000000000000002
 7.7000000000000002 2.6000000000000001 6.9000000000000004 2.2999999999999998
 6 2.2000000000000002 5 1.5
 6.9000000000000004 3.2000000000000002 5.7000000000000002 2.2999999999999998
 5.5999999999999996 2.7999999999999998 4.9000000000000004 2
 7.7000000000000002 2.7999999999999998 6.7000000000000002 2
 6.2999999999999998 2.7000000000000002 4.9000000000000004 1.8
 6.7000000000000002 3.2999999999999998 5.7000000000000002 2.1000000000000001
 7.2000000000000002 3.2000000000000002 6 1.8
 6.2000000000000002 2.7999999999999998 4.7999999999999998 1.8
 6.0999999999999996 3 4.9000000000000004 1.8
 6.4000000000000004 2.7999999999999998 5.5999999999999996 2.1000000000000001
 7.2000000000000002 3 5.7999999999999998 1.6000000000000001
 7.4000000000000004 2.7999999999999998 6.0999999999999996 1.8999999999999999
 7.9000000000000004 3.7999999999999998 6.4000000000000004 2
 6.4000000000000004 2.7999999999999998 5.5999999999999996 2.2000000000000002
 6.2999999999999998 2.7999999999999998 5.0999999999999996 1.5
 6.0999999999999996 2.6000000000000001 5.5999999999999996 1.3999999999999999
 7.7000000000000002 3 6.0999999999999996 2.2999999999999998
 6.2999999999999998 3.3999999999999999 5.5999999999999996 2.3999999999999999
 6.4000000000000004 3.1000000000000001 5.5 1.8
 6 3 4.7999999999999998 1.8
 6.9000000000000004 3.1000000000000001 5.4000000000000004 2.1000000000000001
 6.7000000000000002 3.1000000000000001 5.5999999999999996 2.3999999999999999
 6.9000000000000004 3.1000000000000001 5.0999999999999996 2.2999999999999998
 5.7999999999999998 2.7000000000000002 5.0999999999999996 1.8999999999999999
 6.7999999999999998 3.2000000000000002 5.9000000000000004 2.2999999999999998
 6.7000000000000002 3.2999999999999998 5.7000000000000002 2.5
 6.7000000000000002 3 5.2000000000000002 2.2999999999999998
 6.2999999999999998 2.5 5 1.8999999999999999
 6.5 3 5.2000000000000002 2
 6.2000000000000002 3.3999999999999999 5.4000000000000004 2.2999999999999998
 5.9000000000000004 3 5.0999999999999996 1.8


# name: HelloWorld
# type: string
# elements: 1
# length: 27
Hello World to a KMeansTuto


# name: ans
# type: scalar
3


# name: centroides
# type: matrix
# rows: 3
# columns: 4
 0.44125683060109294 0.30737704918032788 0.57571547652125576 0.54918032786885251
 0.19611111111111118 0.59083333333333321 0.078644067796610137 0.059999999999999991
 0.70726495726495719 0.45085470085470103 0.79704476314645811 0.82478632478632474


# name: centroidesReal
# type: matrix
# rows: 3
# columns: 4
 0.19611111111111118 0.59083333333333321 0.078644067796610137 0.059999999999999991
 0.45444444444444448 0.32083333333333319 0.55254237288135588 0.51083333333333325
 0.63555555555555554 0.40583333333333338 0.77152542372881339 0.80249999999999977


# name: filename
# type: sq_string
# elements: 1
# length: 9
iris1.csv


# name: max_iter
# type: scalar
20


# name: norm
# type: matrix
# rows: 150
# columns: 4
 0.22222222222222213 0.62499999999999989 0.067796610169491511 0.041666666666666671
 0.1666666666666668 0.41666666666666663 0.067796610169491511 0.041666666666666671
 0.11111111111111119 0.5 0.050847457627118647 0.041666666666666671
 0.083333333333333273 0.45833333333333331 0.084745762711864403 0.041666666666666671
 0.19444444444444448 0.66666666666666663 0.067796610169491511 0.041666666666666671
 0.30555555555555564 0.79166666666666652 0.11864406779661016 0.12500000000000003
 0.083333333333333273 0.58333333333333326 0.067796610169491511 0.083333333333333329
 0.19444444444444448 0.58333333333333326 0.084745762711864403 0.041666666666666671
 0.027777777777777922 0.37499999999999989 0.067796610169491511 0.041666666666666671
 0.1666666666666668 0.45833333333333331 0.084745762711864403 0
 0.30555555555555564 0.70833333333333326 0.084745762711864403 0.041666666666666671
 0.13888888888888887 0.58333333333333326 0.10169491525423729 0.041666666666666671
 0.13888888888888887 0.41666666666666663 0.067796610169491511 0
 0 0.41666666666666663 0.016949152542372895 0
 0.41666666666666663 0.83333333333333326 0.033898305084745756 0.041666666666666671
 0.38888888888888895 1 0.084745762711864403 0.12500000000000003
 0.30555555555555564 0.79166666666666652 0.050847457627118647 0.12500000000000003
 0.22222222222222213 0.62499999999999989 0.067796610169491511 0.083333333333333329
 0.38888888888888895 0.74999999999999978 0.11864406779661016 0.083333333333333329
 0.22222222222222213 0.74999999999999978 0.084745762711864403 0.083333333333333329
 0.30555555555555564 0.58333333333333326 0.11864406779661016 0.041666666666666671
 0.22222222222222213 0.70833333333333326 0.084745762711864403 0.12500000000000003
 0.083333333333333273 0.66666666666666663 0 0.041666666666666671
 0.22222222222222213 0.54166666666666652 0.11864406779661016 0.16666666666666669
 0.13888888888888887 0.58333333333333326 0.15254237288135591 0.041666666666666671
 0.19444444444444448 0.41666666666666663 0.10169491525423729 0.041666666666666671
 0.19444444444444448 0.58333333333333326 0.10169491525423729 0.12500000000000003
 0.25000000000000006 0.62499999999999989 0.084745762711864403 0.041666666666666671
 0.25000000000000006 0.58333333333333326 0.067796610169491511 0.041666666666666671
 0.11111111111111119 0.5 0.10169491525423729 0.041666666666666671
 0.13888888888888887 0.45833333333333331 0.10169491525423729 0.041666666666666671
 0.30555555555555564 0.58333333333333326 0.084745762711864403 0.12500000000000003
 0.25000000000000006 0.87499999999999978 0.084745762711864403 0
 0.33333333333333331 0.91666666666666663 0.067796610169491511 0.041666666666666671
 0.1666666666666668 0.45833333333333331 0.084745762711864403 0
 0.19444444444444448 0.5 0.033898305084745756 0.041666666666666671
 0.33333333333333331 0.62499999999999989 0.050847457627118647 0.041666666666666671
 0.1666666666666668 0.45833333333333331 0.084745762711864403 0
 0.027777777777777922 0.41666666666666663 0.050847457627118647 0.041666666666666671
 0.22222222222222213 0.58333333333333326 0.084745762711864403 0.041666666666666671
 0.19444444444444448 0.62499999999999989 0.050847457627118647 0.083333333333333329
 0.055555555555555594 0.1249999999999999 0.050847457627118647 0.083333333333333329
 0.027777777777777922 0.5 0.050847457627118647 0.041666666666666671
 0.19444444444444448 0.62499999999999989 0.10169491525423729 0.20833333333333334
 0.22222222222222213 0.74999999999999978 0.15254237288135591 0.12500000000000003
 0.13888888888888887 0.41666666666666663 0.067796610169491511 0.083333333333333329
 0.22222222222222213 0.74999999999999978 0.10169491525423729 0.041666666666666671
 0.083333333333333273 0.5 0.067796610169491511 0.041666666666666671
 0.27777777777777773 0.70833333333333326 0.084745762711864403 0.041666666666666671
 0.19444444444444448 0.54166666666666652 0.067796610169491511 0.041666666666666671
 0.74999999999999989 0.5 0.6271186440677966 0.54166666666666663
 0.58333333333333337 0.5 0.59322033898305082 0.58333333333333337
 0.72222222222222221 0.45833333333333331 0.66101694915254239 0.58333333333333337
 0.33333333333333331 0.1249999999999999 0.50847457627118642 0.5
 0.61111111111111105 0.3333333333333332 0.61016949152542366 0.58333333333333337
 0.38888888888888895 0.3333333333333332 0.59322033898305082 0.5
 0.55555555555555547 0.54166666666666652 0.6271186440677966 0.625
 0.1666666666666668 0.1666666666666666 0.38983050847457623 0.375
 0.63888888888888873 0.37499999999999989 0.61016949152542366 0.5
 0.25000000000000006 0.29166666666666669 0.49152542372881353 0.54166666666666663
 0.19444444444444448 0 0.42372881355932202 0.375
 0.44444444444444453 0.41666666666666663 0.5423728813559322 0.58333333333333337
 0.47222222222222221 0.083333333333333398 0.50847457627118642 0.375
 0.49999999999999989 0.37499999999999989 0.6271186440677966 0.54166666666666663
 0.36111111111111099 0.37499999999999989 0.44067796610169491 0.5
 0.66666666666666663 0.45833333333333331 0.57627118644067798 0.54166666666666663
 0.36111111111111099 0.41666666666666663 0.59322033898305082 0.58333333333333337
 0.41666666666666663 0.29166666666666669 0.52542372881355925 0.375
 0.52777777777777779 0.083333333333333398 0.59322033898305082 0.58333333333333337
 0.36111111111111099 0.20833333333333331 0.49152542372881353 0.41666666666666669
 0.44444444444444453 0.5 0.64406779661016944 0.70833333333333337
 0.49999999999999989 0.3333333333333332 0.50847457627118642 0.5
 0.55555555555555547 0.20833333333333331 0.66101694915254239 0.58333333333333337
 0.49999999999999989 0.3333333333333332 0.6271186440677966 0.45833333333333331
 0.58333333333333337 0.37499999999999989 0.55932203389830504 0.5
 0.63888888888888873 0.41666666666666663 0.57627118644067798 0.54166666666666663
 0.69444444444444431 0.3333333333333332 0.64406779661016944 0.54166666666666663
 0.66666666666666663 0.41666666666666663 0.67796610169491522 0.66666666666666663
 0.47222222222222221 0.37499999999999989 0.59322033898305082 0.58333333333333337
 0.38888888888888895 0.25 0.42372881355932202 0.375
 0.33333333333333331 0.1666666666666666 0.47457627118644063 0.41666666666666669
 0.33333333333333331 0.1666666666666666 0.4576271186440678 0.375
 0.41666666666666663 0.29166666666666669 0.49152542372881353 0.45833333333333331
 0.47222222222222221 0.29166666666666669 0.69491525423728806 0.625
 0.30555555555555564 0.41666666666666663 0.59322033898305082 0.58333333333333337
 0.47222222222222221 0.58333333333333326 0.59322033898305082 0.625
 0.66666666666666663 0.45833333333333331 0.6271186440677966 0.58333333333333337
 0.55555555555555547 0.1249999999999999 0.57627118644067798 0.5
 0.36111111111111099 0.41666666666666663 0.52542372881355925 0.5
 0.33333333333333331 0.20833333333333331 0.50847457627118642 0.5
 0.33333333333333331 0.25 0.57627118644067798 0.45833333333333331
 0.49999999999999989 0.41666666666666663 0.61016949152542366 0.54166666666666663
 0.41666666666666663 0.25 0.50847457627118642 0.45833333333333331
 0.19444444444444448 0.1249999999999999 0.38983050847457623 0.375
 0.36111111111111099 0.29166666666666669 0.5423728813559322 0.5
 0.38888888888888895 0.41666666666666663 0.5423728813559322 0.45833333333333331
 0.38888888888888895 0.37499999999999989 0.5423728813559322 0.5
 0.52777777777777779 0.37499999999999989 0.55932203389830504 0.5
 0.22222222222222213 0.20833333333333331 0.33898305084745761 0.41666666666666669
 0.38888888888888895 0.3333333333333332 0.52542372881355925 0.5
 0.55555555555555547 0.54166666666666652 0.84745762711864403 1
 0.41666666666666663 0.29166666666666669 0.69491525423728806 0.75
 0.77777777777777757 0.41666666666666663 0.83050847457627119 0.83333333333333337
 0.55555555555555547 0.37499999999999989 0.77966101694915246 0.70833333333333337
 0.61111111111111105 0.41666666666666663 0.81355932203389825 0.87500000000000011
 0.91666666666666652 0.41666666666666663 0.94915254237288127 0.83333333333333337
 0.1666666666666668 0.20833333333333331 0.59322033898305082 0.66666666666666663
 0.83333333333333326 0.37499999999999989 0.89830508474576265 0.70833333333333337
 0.66666666666666663 0.20833333333333331 0.81355932203389825 0.70833333333333337
 0.80555555555555558 0.66666666666666663 0.86440677966101687 1
 0.61111111111111105 0.5 0.69491525423728806 0.79166666666666663
 0.58333333333333337 0.29166666666666669 0.72881355932203384 0.75
 0.69444444444444431 0.41666666666666663 0.76271186440677963 0.83333333333333337
 0.38888888888888895 0.20833333333333331 0.67796610169491522 0.79166666666666663
 0.41666666666666663 0.3333333333333332 0.69491525423728806 0.95833333333333326
 0.58333333333333337 0.5 0.72881355932203384 0.91666666666666663
 0.61111111111111105 0.41666666666666663 0.76271186440677963 0.70833333333333337
 0.94444444444444442 0.74999999999999978 0.96610169491525422 0.87500000000000011
 0.94444444444444442 0.25 1 0.91666666666666663
 0.47222222222222221 0.083333333333333398 0.67796610169491522 0.58333333333333337
 0.72222222222222221 0.5 0.79661016949152541 0.91666666666666663
 0.36111111111111099 0.3333333333333332 0.66101694915254239 0.79166666666666663
 0.94444444444444442 0.3333333333333332 0.96610169491525422 0.79166666666666663
 0.55555555555555547 0.29166666666666669 0.66101694915254239 0.70833333333333337
 0.66666666666666663 0.54166666666666652 0.79661016949152541 0.83333333333333337
 0.80555555555555558 0.5 0.84745762711864403 0.70833333333333337
 0.52777777777777779 0.3333333333333332 0.64406779661016944 0.70833333333333337
 0.49999999999999989 0.41666666666666663 0.66101694915254239 0.70833333333333337
 0.58333333333333337 0.3333333333333332 0.77966101694915246 0.83333333333333337
 0.80555555555555558 0.41666666666666663 0.81355932203389825 0.625
 0.86111111111111116 0.3333333333333332 0.86440677966101687 0.75
 1 0.74999999999999978 0.9152542372881356 0.79166666666666663
 0.58333333333333337 0.3333333333333332 0.77966101694915246 0.87500000000000011
 0.55555555555555547 0.3333333333333332 0.69491525423728806 0.58333333333333337
 0.49999999999999989 0.25 0.77966101694915246 0.54166666666666663
 0.94444444444444442 0.41666666666666663 0.86440677966101687 0.91666666666666663
 0.55555555555555547 0.58333333333333326 0.77966101694915246 0.95833333333333326
 0.58333333333333337 0.45833333333333331 0.76271186440677963 0.70833333333333337
 0.47222222222222221 0.41666666666666663 0.64406779661016944 0.70833333333333337
 0.72222222222222221 0.45833333333333331 0.74576271186440679 0.83333333333333337
 0.66666666666666663 0.45833333333333331 0.77966101694915246 0.95833333333333326
 0.72222222222222221 0.45833333333333331 0.69491525423728806 0.91666666666666663
 0.41666666666666663 0.29166666666666669 0.69491525423728806 0.75
 0.69444444444444431 0.5 0.83050847457627119 0.91666666666666663
 0.66666666666666663 0.54166666666666652 0.79661016949152541 1
 0.66666666666666663 0.41666666666666663 0.71186440677966101 0.91666666666666663
 0.55555555555555547 0.20833333333333331 0.67796610169491522 0.75
 0.61111111111111105 0.41666666666666663 0.71186440677966101 0.79166666666666663
 0.52777777777777779 0.58333333333333326 0.74576271186440679 0.91666666666666663
 0.44444444444444453 0.41666666666666663 0.69491525423728806 0.70833333333333337


# name: numCent
# type: scalar
3


